task_clock:571704
cpu_clock:571517
context_switches:1
cpu_migrations:0
page_faults:53
cpu_cycles:677704
stalled_cycles_frontend:442128
instructions:482818
branch_instructions:99471
branch_misses:6512
pid:19011
comm:(echo)
state:t
ppid:19010
pgrp:19010
session:17488
tty_nr:34822
tpgid:19010
flags:1077944320
minflt:71
cminflt:0
majflt:0
cmajflt:0
utime:0
utime_sec:0.000000
stime:0
stime_sec:0.000000
cutime:0
cutime_sec:0.000000
cstime:0
cstime_sec:0.000000
priority:20
nice:0
num_threads:1
itrealvalue:0
starttime:35387870
starttime_sec:353878.700000
vsize:5910528
rss:404
rlim:18446744073709551615
startcode:4194304
endcode:4219836
startstack:140730541372816
kstkesp:140730541372456
kstkeip:140259921439848
signal:0
blocked:0
sigignore:0
sigcatch:0
wchan:18446744071579378183
nswap:0
cnswap:0
exit_signal:17
processor:5
rt_priority:0
policy:0
delayacct_blkio_ticks:0
guest_time:0
guest_time_sec:0.000000
cguest_time:0
cguest_time_sec:0.000000
start_data:6319632
end_data:6320692
start_brk:29380608
arg_start:140730541373875
arg_end:140730541373880
env_start:140730541373880
env_end:140730541375466
exit_code:0
size:1443
resident:404
share:384
text:7
lib:0
data:79
dt:0
Name:echo
State:t
Tgid:19011
Ngid:0
Pid:19011
PPid:19010
TracerPid:19010
Uid:1000	1000	1000	1000
Gid:100	100	100	100
FDSize:64
Groups:10 50 91 100 108 150 1001 0 0 0 0 0 0 0 0 0
VmPeak:5776
VmSize:5772
VmLck:0
VmPin:0
VmHWM:1616
VmRSS:1616
VmData:180
VmStk:136
VmExe:28
VmLib:1772
VmPMD:12
VmPTE:32
VmSwap:0
Threads:1
SigQ:0/63657
SigPnd:0
ShdPnd:0
SigBlk:0
SigIgn:0
SigCgt:0
CapInh:0
CapPrm:0
CapEff:0
Cpus_allowed:	ff,0,0,0,0,0,0,0
Cpus_allowed_list:0-7
Mems_allowed:	0,1
Mems_allowed:0
voluntary_ctxt_switches:2
nonvoluntary_ctxt_switches:1
rchar:2012
wchar:2012
syscr:6
syscw:6
read_bytes:0
write_bytes:0
cancelled_write_bytes:0
ru_utime:0.000000
ru_stime:0.000000
ru_maxrss:1616
ru_ixrss:0
ru_idrss:0
ru_isrss:0
ru_minflt:71
ru_maxflt:0
ru_nswap:0
ru_inblock:0
ru_oublock:0
ru_msgsnd:0
ru_msgrcv:0
ru_nsignals:0
ru_nvcsw:2
ru_nivcsw:1
wall_time_sec:0
wall_time_usec:1856
return_code:0
