task_clock:505765
cpu_clock:505540
context_switches:1
cpu_migrations:0
page_faults:56
cpu_cycles:700670
stalled_cycles_frontend:463726
instructions:495892
branch_instructions:102198
branch_misses:6612
pid:9656
comm:(echo)
state:t
ppid:9655
pgrp:9655
session:24515
tty_nr:34820
tpgid:9655
flags:1077944320
minflt:74
cminflt:0
majflt:0
cmajflt:0
utime:0
utime_sec:0.000000
stime:0
stime_sec:0.000000
cutime:0
cutime_sec:0.000000
cstime:0
cstime_sec:0.000000
priority:20
nice:0
num_threads:1
itrealvalue:0
starttime:17837515
starttime_sec:178375.150000
vsize:5914624
rss:421
rlim:18446744073709551615
startcode:4194304
endcode:4219836
startstack:140729497023024
kstkesp:140729497022664
kstkeip:140115106202233
signal:0
blocked:0
sigignore:0
sigcatch:0
wchan:18446744071579378183
nswap:0
cnswap:0
exit_signal:17
processor:1
rt_priority:0
policy:0
delayacct_blkio_ticks:0
guest_time:0
guest_time_sec:0.000000
cguest_time:0
cguest_time_sec:0.000000
start_data:6319632
end_data:6320692
start_brk:24539136
arg_start:140729497024917
arg_end:140729497024922
env_start:140729497024922
env_end:140729497026538
exit_code:0
size:1444
resident:421
share:400
text:7
lib:0
data:79
dt:0
Name:echo
State:t
Tgid:9656
Pid:9656
PPid:9655
TracerPid:9655
Uid:1000	1000	1000	1000
Gid:100	100	100	100
FDSize:64
Groups:10 50 91 100 108 150 1001 0 0 0 0 0 0 0 0 0
VmPeak:5780
VmSize:5776
VmLck:0
VmPin:0
VmHWM:1684
VmRSS:1684
VmData:180
VmStk:136
VmExe:28
VmLib:1772
VmPMD:12
VmPTE:32
VmSwap:0
Threads:1
SigQ:1/63657
SigPnd:0
ShdPnd:0
SigBlk:0
SigIgn:0
SigCgt:0
CapInh:0
CapPrm:0
CapEff:0
Cpus_allowed:0-7
Mems_allowed:0
voluntary_ctxt_switches:2
nonvoluntary_ctxt_switches:1
rchar:2012
wchar:2012
syscr:6
syscw:6
read_bytes:0
write_bytes:0
cancelled_write_bytes:0
ru_utime:0.000000
ru_stime:0.000000
ru_maxrss:1684
ru_ixrss:0
ru_idrss:0
ru_isrss:0
ru_minflt:74
ru_maxflt:0
ru_nswap:0
ru_inblock:0
ru_oublock:0
ru_msgsnd:0
ru_msgrcv:0
ru_nsignals:0
ru_nvcsw:2
ru_nivcsw:1
wall_time_sec:0
wall_time_usec:1384
return_code:0
